obych=[31.1517 31.1649 31.1711 31.1516 31.1498 
31.1649 31.1711 31.1516 31.1498 31.1579 
31.1711 31.1516 31.1498 31.1579 31.1783 
31.1516 31.1498 31.1579 31.1783 31.1977 
31.1498 31.1579 31.1783 31.1977 31.1977 
31.1579 31.1783 31.1977 31.1977 31.1963 
31.1783 31.1977 31.1977 31.1963 31.1951 
31.1977 31.1977 31.1963 31.1951 31.1967 
31.1977 31.1963 31.1951 31.1967 31.1951
31.1963 31.1951 31.1967 31.1951 31.2119
31.1951 31.1967 31.1951 31.2119 31.2471
31.1967 31.1951 31.2119 31.2471 31.2453
31.1951 31.2119 31.2471 31.2453 31.2468
31.2119 31.2471 31.2453 31.2468 31.2554
31.2471 31.2453 31.2468 31.2554 31.2553
31.2453 31.2468 31.2554 31.2553 31.2553
31.2468 31.2554 31.2553 31.2553 31.2551
31.2554 31.2553 31.2553 31.2551 31.255
31.2553 31.2553 31.2551 31.255 31.275
31.2553 31.2551 31.255 31.275 31.285
31.2551 31.255 31.275 31.285 31.285
31.255 31.275 31.285 31.285 31.3043
31.275 31.285 31.285 31.3043 31.3071
31.285 31.285 31.3043 31.3071 31.3071
31.285 31.3043 31.3071 31.3071 31.3058
31.3043 31.3071 31.3071 31.3058 31.3136
31.3071 31.3071 31.3058 31.3136 31.3272
31.3071 31.3058 31.3136 31.3272 31.3521
31.3058 31.3136 31.3272 31.3521 31.3924
31.3136 31.3272 31.3521 31.3924 31.397
31.3272 31.3521 31.3924 31.397 31.4046
31.3521 31.3924 31.397 31.4046 31.3928
31.3924 31.397 31.4046 31.3928 31.3928
31.397 31.4046 31.3928 31.3928 31.3958
31.4046 31.3928 31.3928 31.3958 31.3965
31.3928 31.3928 31.3958 31.3965 31.3903
31.3928 31.3958 31.3965 31.3903 31.4115
31.3958 31.3965 31.3903 31.4115 31.4337
31.3965 31.3903 31.4115 31.4337 31.437
31.3903 31.4115 31.4337 31.437 31.4531
31.4115 31.4337 31.437 31.4531 31.4725
31.4337 31.437 31.4531 31.4725 31.4758
31.437 31.4531 31.4725 31.4758 31.4608
31.4531 31.4725 31.4758 31.4608 31.439
31.4725 31.4758 31.4608 31.439 31.4471
31.4758 31.4608 31.439 31.4471 31.5002
31.4608 31.439 31.4471 31.5002 31.5124
31.439 31.4471 31.5002 31.5124 31.5128
31.4471 31.5002 31.5124 31.5128 31.5128
31.5002 31.5124 31.5128 31.5128 31.5156
31.5124 31.5128 31.5128 31.5156 31.53
31.5128 31.5128 31.5156 31.53 31.5533
31.5128 31.5156 31.53 31.5533 31.5476
31.5156 31.53 31.5533 31.5476 31.5437
31.53 31.5533 31.5476 31.5437 31.5555
31.5533 31.5476 31.5437 31.5555 31.4948
31.5476 31.5437 31.5555 31.4948 31.4779
31.5437 31.5555 31.4948 31.4779 31.5395
31.5555 31.4948 31.4779 31.5395 31.5394
31.4948 31.4779 31.5395 31.5394 31.5332
31.4779 31.5395 31.5394 31.5332 31.5056
31.5395 31.5394 31.5332 31.5056 31.5015
31.5394 31.5332 31.5056 31.5015 31.5035
31.5332 31.5056 31.5015 31.5035 31.5333
31.5056 31.5015 31.5035 31.5333 31.5069
31.5015 31.5035 31.5333 31.5069 31.4701
31.5035 31.5333 31.5069 31.4701 31.4401
31.5333 31.5069 31.4701 31.4401 31.4568
31.5069 31.4701 31.4401 31.4568 31.5238
31.4701 31.4401 31.4568 31.5238 31.5502
31.4401 31.4568 31.5238 31.5502 31.5409
31.4568 31.5238 31.5502 31.5409 31.5324
31.5238 31.5502 31.5409 31.5324 31.5542
31.5502 31.5409 31.5324 31.5542 31.5581
31.5409 31.5324 31.5542 31.5581 31.5828
31.5324 31.5542 31.5581 31.5828 31.5612
31.5542 31.5581 31.5828 31.5612 31.5321
31.5581 31.5828 31.5612 31.5321 31.5405
31.5828 31.5612 31.5321 31.5405 31.5608
31.5612 31.5321 31.5405 31.5608 31.5668
31.5321 31.5405 31.5608 31.5668 31.555
31.5405 31.5608 31.5668 31.555 31.565
31.5608 31.5668 31.555 31.565 31.5735
31.5668 31.555 31.565 31.5735 31.5711
31.555 31.565 31.5735 31.5711 31.5725
31.565 31.5735 31.5711 31.5725 31.5803
31.5735 31.5711 31.5725 31.5803 31.5542
31.5711 31.5725 31.5803 31.5542 31.5752
31.5725 31.5803 31.5542 31.5752 31.5744
31.5803 31.5542 31.5752 31.5744 31.5673];

save 'Training.dat' obych -ascii


test = [31.1517 31.1649 31.1711 31.1516 31.1498 
31.1649 31.1711 31.1516 31.1498 31.1579 
31.1711 31.1516 31.1498 31.1579 31.1783 
31.1516 31.1498 31.1579 31.1783 31.1977 ];
save 'Testing.dat' test -ascii

checking = [31.1498 31.1579 31.1783 31.1977 31.1963];

save 'Validation.dat' checking -ascii
